frequency;impedanz
1;530.204
2;264.634
3;175.903
4;131.381
5;104.543
6;86.5475
7;73.6042
8;63.8189
9;56.1389
10;49.9326
11;44.7981
12;40.4676
13;36.7555
14;33.5294
15;30.6921
16;28.1707
17;25.9096
18;23.8655
19;22.0041
20;20.2981
21;18.7255
22;17.2682
23;15.9111
24;14.6421
25;13.4506
26;12.3279
27;11.2668
28;10.2608
29;9.30475
30;8.39421
31;7.5255
32;6.69572
33;5.90277
34;5.1455
35;4.42409
36;3.74075
37;3.10128
38;2.51836
39;2.01856
40;1.65383
41;1.50116
42;1.6023
43;1.90311
44;2.31692
45;2.78616
46;3.28128
47;3.78758
48;4.2975
49;4.80697
50;5.31374
51;5.81658
52;6.31478
53;6.808
54;7.29608
55;7.779
56;8.2568
57;8.72961
58;9.19754
59;9.66075
60;10.1194
61;10.5737
62;11.0237
63;11.4696
64;11.9117
65;12.35
66;12.7847
67;13.2159
68;13.6438
69;14.0685
70;14.4902
71;14.9089
72;15.3248
73;15.7379
74;16.1485
75;16.5565
76;16.9621
77;17.3653
78;17.7664
79;18.1652
80;18.562
81;18.9568
82;19.3496
83;19.7405
84;20.1297
85;20.5171
86;20.9028
87;21.2869
88;21.6694
89;22.0504
90;22.4299
91;22.808
92;23.1847
93;23.5601
94;23.9342
95;24.3071
96;24.6787
97;25.0492
98;25.4185
99;25.7867
100;26.1538
101;26.5199
102;26.885
103;27.2491
104;27.6122
105;27.9744
106;28.3357
107;28.6962
108;29.0558
109;29.4145
110;29.7725
111;30.1296
112;30.486
113;30.8417
114;31.1966
115;31.5508
116;31.9043
117;32.2572
118;32.6094
119;32.961
120;33.3119
121;33.6623
122;34.012
123;34.3612
124;34.7098
125;35.0579
126;35.4054
127;35.7524
128;36.0989
129;36.4449
130;36.7904
131;37.1354
132;37.48
133;37.8241
134;38.1677
135;38.511
136;38.8538
137;39.1961
138;39.5381
139;39.8797
140;40.2209
141;40.5617
142;40.9021
143;41.2422
144;41.5819
145;41.9212
146;42.2602
147;42.5989
148;42.9372
149;43.2752
150;43.6129
151;43.9503
152;44.2874
153;44.6242
154;44.9606
155;45.2968
156;45.6328
157;45.9684
158;46.3038
159;46.6389
160;46.9737
161;47.3083
162;47.6426
163;47.9767
164;48.3106
165;48.6442
166;48.9775
167;49.3107
168;49.6436
169;49.9763
170;50.3088
171;50.641
172;50.9731
173;51.3049
174;51.6366
175;51.968
176;52.2992
177;52.6303
178;52.9612
179;53.2918
180;53.6223
181;53.9527
182;54.2828
183;54.6128
184;54.9425
185;55.2722
186;55.6016
187;55.9309
188;56.26
189;56.589
190;56.9178
191;57.2465
192;57.575
193;57.9034
194;58.2316
195;58.5597
196;58.8876
197;59.2154
198;59.5431
199;59.8706
200;60.198
201;60.5252
202;60.8523
203;61.1793
204;61.5062
205;61.833
206;62.1596
207;62.4861
208;62.8125
209;63.1388
210;63.4649
211;63.7909
212;64.1169
213;64.4427
214;64.7684
215;65.094
216;65.4195
217;65.7449
218;66.0702
219;66.3954
220;66.7205
221;67.0455
222;67.3703
223;67.6951
224;68.0198
225;68.3444
226;68.669
227;68.9934
228;69.3177
229;69.642
230;69.9661
231;70.2902
232;70.6142
233;70.9381
234;71.2619
235;71.5856
236;71.9093
237;72.2329
238;72.5564
239;72.8798
240;73.2031
241;73.5264
242;73.8496
243;74.1727
244;74.4957
245;74.8187
246;75.1416
247;75.4644
248;75.7872
249;76.1099
250;76.4325
251;76.755
252;77.0775
253;77.3999
254;77.7223
255;78.0446
256;78.3668
257;78.689
258;79.0111
259;79.3331
260;79.6551
261;79.977
262;80.2989
263;80.6207
264;80.9424
265;81.2641
266;81.5857
267;81.9073
268;82.2288
269;82.5503
270;82.8717
271;83.1931
272;83.5144
273;83.8356
274;84.1568
275;84.478
276;84.7991
277;85.1201
278;85.4411
279;85.7621
280;86.083
281;86.4038
282;86.7246
283;87.0454
284;87.3661
285;87.6868
286;88.0074
287;88.328
288;88.6485
289;88.969
290;89.2894
291;89.6098
292;89.9302
293;90.2505
294;90.5708
295;90.891
296;91.2112
297;91.5313
298;91.8515
299;92.1715
300;92.4916
301;92.8115
302;93.1315
303;93.4514
304;93.7713
305;94.0911
306;94.4109
307;94.7307
308;95.0504
309;95.3701
310;95.6898
311;96.0094
312;96.329
313;96.6486
314;96.9681
315;97.2876
316;97.607
317;97.9264
318;98.2458
319;98.5652
320;98.8845
321;99.2038
322;99.523
323;99.8422
324;100.161
325;100.481
326;100.8
327;101.119
328;101.438
329;101.757
330;102.076
331;102.395
332;102.714
333;103.033
334;103.352
335;103.671
336;103.989
337;104.308
338;104.627
339;104.946
340;105.264
341;105.583
342;105.902
343;106.221
344;106.539
345;106.858
346;107.176
347;107.495
348;107.813
349;108.132
350;108.45
351;108.769
352;109.087
353;109.406
354;109.724
355;110.042
356;110.361
357;110.679
358;110.997
359;111.316
360;111.634
361;111.952
362;112.27
363;112.588
364;112.906
365;113.225
366;113.543
367;113.861
368;114.179
369;114.497
370;114.815
371;115.133
372;115.451
373;115.769
374;116.087
375;116.405
376;116.723
377;117.04
378;117.358
379;117.676
380;117.994
381;118.312
382;118.63
383;118.947
384;119.265
385;119.583
386;119.9
387;120.218
388;120.536
389;120.853
390;121.171
391;121.489
392;121.806
393;122.124
394;122.441
395;122.759
396;123.077
397;123.394
398;123.712
399;124.029
400;124.346
401;124.664
402;124.981
403;125.299
404;125.616
405;125.934
406;126.251
407;126.568
408;126.886
409;127.203
410;127.52
411;127.837
412;128.155
413;128.472
414;128.789
415;129.106
416;129.424
417;129.741
418;130.058
419;130.375
420;130.692
421;131.01
422;131.327
423;131.644
424;131.961
425;132.278
426;132.595
427;132.912
428;133.229
429;133.546
430;133.863
431;134.18
432;134.497
433;134.814
434;135.131
435;135.448
436;135.765
437;136.082
438;136.399
439;136.716
440;137.033
441;137.349
442;137.666
443;137.983
444;138.3
445;138.617
446;138.934
447;139.25
448;139.567
449;139.884
450;140.201
451;140.518
452;140.834
453;141.151
454;141.468
455;141.784
456;142.101
457;142.418
458;142.734
459;143.051
460;143.368
461;143.684
462;144.001
463;144.318
464;144.634
465;144.951
466;145.268
467;145.584
468;145.901
469;146.217
470;146.534
471;146.85
472;147.167
473;147.483
474;147.8
475;148.116
476;148.433
477;148.749
478;149.066
479;149.382
480;149.699
481;150.015
482;150.332
483;150.648
484;150.964
485;151.281
486;151.597
487;151.914
488;152.23
489;152.546
490;152.863
491;153.179
492;153.495
493;153.812
494;154.128
495;154.444
496;154.761
497;155.077
498;155.393
499;155.71
500;156.026
501;156.342
502;156.658
503;156.975
504;157.291
505;157.607
506;157.923
507;158.239
508;158.556
509;158.872
510;159.188
511;159.504
512;159.82
513;160.137
514;160.453
515;160.769
516;161.085
517;161.401
518;161.717
519;162.033
520;162.35
521;162.666
522;162.982
523;163.298
524;163.614
525;163.93
526;164.246
527;164.562
528;164.878
529;165.194
530;165.51
531;165.826
532;166.142
533;166.458
534;166.774
535;167.09
536;167.406
537;167.722
538;168.038
539;168.354
540;168.67
541;168.986
542;169.302
543;169.618
544;169.934
545;170.25
546;170.566
547;170.882
548;171.198
549;171.514
550;171.83
551;172.145
552;172.461
553;172.777
554;173.093
555;173.409
556;173.725
557;174.041
558;174.357
559;174.672
560;174.988
561;175.304
562;175.62
563;175.936
564;176.252
565;176.567
566;176.883
567;177.199
568;177.515
569;177.831
570;178.146
571;178.462
572;178.778
573;179.094
574;179.409
575;179.725
576;180.041
577;180.357
578;180.672
579;180.988
580;181.304
581;181.62
582;181.935
583;182.251
584;182.567
585;182.882
586;183.198
587;183.514
588;183.83
589;184.145
590;184.461
591;184.777
592;185.092
593;185.408
594;185.724
595;186.039
596;186.355
597;186.67
598;186.986
599;187.302
600;187.617
601;187.933
602;188.249
603;188.564
604;188.88
605;189.195
606;189.511
607;189.827
608;190.142
609;190.458
610;190.773
611;191.089
612;191.404
613;191.72
614;192.036
615;192.351
616;192.667
617;192.982
618;193.298
619;193.613
620;193.929
621;194.244
622;194.56
623;194.875
624;195.191
625;195.506
626;195.822
627;196.137
628;196.453
629;196.768
630;197.084
631;197.399
632;197.715
633;198.03
634;198.346
635;198.661
636;198.977
637;199.292
638;199.608
639;199.923
640;200.239
641;200.554
642;200.869
643;201.185
644;201.5
645;201.816
646;202.131
647;202.447
648;202.762
649;203.077
650;203.393
651;203.708
652;204.024
653;204.339
654;204.654
655;204.97
656;205.285
657;205.601
658;205.916
659;206.231
660;206.547
661;206.862
662;207.177
663;207.493
664;207.808
665;208.124
666;208.439
667;208.754
668;209.07
669;209.385
670;209.7
671;210.016
672;210.331
673;210.646
674;210.962
675;211.277
676;211.592
677;211.908
678;212.223
679;212.538
680;212.853
681;213.169
682;213.484
683;213.799
684;214.115
685;214.43
686;214.745
687;215.06
688;215.376
689;215.691
690;216.006
691;216.322
692;216.637
693;216.952
694;217.267
695;217.583
696;217.898
697;218.213
698;218.528
699;218.844
700;219.159
701;219.474
702;219.789
703;220.104
704;220.42
705;220.735
706;221.05
707;221.365
708;221.681
709;221.996
710;222.311
711;222.626
712;222.941
713;223.257
714;223.572
715;223.887
716;224.202
717;224.517
718;224.832
719;225.148
720;225.463
721;225.778
722;226.093
723;226.408
724;226.724
725;227.039
726;227.354
727;227.669
728;227.984
729;228.299
730;228.614
731;228.93
732;229.245
733;229.56
734;229.875
735;230.19
736;230.505
737;230.82
738;231.136
739;231.451
740;231.766
741;232.081
742;232.396
743;232.711
744;233.026
745;233.341
746;233.656
747;233.972
748;234.287
749;234.602
750;234.917
751;235.232
752;235.547
753;235.862
754;236.177
755;236.492
756;236.807
757;237.122
758;237.438
759;237.753
760;238.068
761;238.383
762;238.698
763;239.013
764;239.328
765;239.643
766;239.958
767;240.273
768;240.588
769;240.903
770;241.218
771;241.533
772;241.848
773;242.163
774;242.478
775;242.794
776;243.109
777;243.424
778;243.739
779;244.054
780;244.369
781;244.684
782;244.999
783;245.314
784;245.629
785;245.944
786;246.259
787;246.574
788;246.889
789;247.204
790;247.519
791;247.834
792;248.149
793;248.464
794;248.779
795;249.094
796;249.409
797;249.724
798;250.039
799;250.354
800;250.669
801;250.984
802;251.299
803;251.614
804;251.929
805;252.244
806;252.559
807;252.874
808;253.189
809;253.504
810;253.818
811;254.133
812;254.448
813;254.763
814;255.078
815;255.393
816;255.708
817;256.023
818;256.338
819;256.653
820;256.968
821;257.283
822;257.598
823;257.913
824;258.228
825;258.543
826;258.858
827;259.173
828;259.487
829;259.802
830;260.117
831;260.432
832;260.747
833;261.062
834;261.377
835;261.692
836;262.007
837;262.322
838;262.637
839;262.952
840;263.266
841;263.581
842;263.896
843;264.211
844;264.526
845;264.841
846;265.156
847;265.471
848;265.786
849;266.101
850;266.415
851;266.73
852;267.045
853;267.36
854;267.675
855;267.99
856;268.305
857;268.62
858;268.935
859;269.249
860;269.564
861;269.879
862;270.194
863;270.509
864;270.824
865;271.139
866;271.453
867;271.768
868;272.083
869;272.398
870;272.713
871;273.028
872;273.343
873;273.657
874;273.972
875;274.287
876;274.602
877;274.917
878;275.232
879;275.547
880;275.861
881;276.176
882;276.491
883;276.806
884;277.121
885;277.436
886;277.75
887;278.065
888;278.38
889;278.695
890;279.01
891;279.325
892;279.639
893;279.954
894;280.269
895;280.584
896;280.899
897;281.213
898;281.528
899;281.843
900;282.158
901;282.473
902;282.787
903;283.102
904;283.417
905;283.732
906;284.047
907;284.361
908;284.676
909;284.991
910;285.306
911;285.621
912;285.935
913;286.25
914;286.565
915;286.88
916;287.195
917;287.509
918;287.824
919;288.139
920;288.454
921;288.769
922;289.083
923;289.398
924;289.713
925;290.028
926;290.342
927;290.657
928;290.972
929;291.287
930;291.602
931;291.916
932;292.231
933;292.546
934;292.861
935;293.175
936;293.49
937;293.805
938;294.12
939;294.434
940;294.749
941;295.064
942;295.379
943;295.693
944;296.008
945;296.323
946;296.638
947;296.952
948;297.267
949;297.582
950;297.897
951;298.211
952;298.526
953;298.841
954;299.156
955;299.47
956;299.785
957;300.1
958;300.415
959;300.729
960;301.044
961;301.359
962;301.673
963;301.988
964;302.303
965;302.618
966;302.932
967;303.247
968;303.562
969;303.877
970;304.191
971;304.506
972;304.821
973;305.135
974;305.45
975;305.765
976;306.08
977;306.394
978;306.709
979;307.024
980;307.338
981;307.653
982;307.968
983;308.283
984;308.597
985;308.912
986;309.227
987;309.541
988;309.856
989;310.171
990;310.485
991;310.8
992;311.115
993;311.43
994;311.744
995;312.059
996;312.374
997;312.688
998;313.003
999;313.318
